<circle cx="300" cy="300" r="150" fill="#ffffff"/>
<<<CLIP>>>
<polygon points="300.0,246.0 351.4,283.3 331.7,343.7 268.3,343.7 248.6,283.3" fill="#14294a"/>
<polygon points="344.1,239.3 324.5,178.9 375.8,141.6 427.2,178.9 407.6,239.3" fill="#14294a"/>
<polygon points="371.3,323.2 422.7,285.9 474.0,323.2 454.4,383.6 390.9,383.6" fill="#14294a"/>
<polygon points="300.0,375.0 351.4,412.3 331.7,472.7 268.3,472.7 248.6,412.3" fill="#14294a"/>
<polygon points="228.7,323.2 209.1,383.6 145.6,383.6 126.0,323.2 177.3,285.9" fill="#14294a"/>
<polygon points="255.9,239.3 192.4,239.3 172.8,178.9 224.2,141.6 275.5,178.9" fill="#14294a"/>
<g stroke="#14294a" stroke-width="5" stroke-linecap="round"><line x1="300.0" y1="246.0" x2="300.0" y2="150.0"/><line x1="351.4" y1="283.3" x2="442.7" y2="253.6"/><line x1="331.7" y1="343.7" x2="388.2" y2="421.4"/><line x1="268.3" y1="343.7" x2="211.8" y2="421.4"/><line x1="248.6" y1="283.3" x2="157.3" y2="253.6"/></g>
<path d="M250,355 q-22,-30 6,-58 q-14,30 24,46 q-18,4 -30,12 z" fill="#a32533"/>
<<<RING>>>
<polygon points="300.0,97.0 301.8,101.6 306.7,101.8 302.9,104.9 304.1,109.7 300.0,107.0 295.9,109.7 297.1,104.9 293.3,101.8 298.2,101.6" fill="#c9a24a"/>
<polygon points="327.9,99.0 329.7,103.6 334.6,103.8 330.7,106.9 332.0,111.7 327.9,109.0 323.8,111.7 325.0,106.9 321.2,103.8 326.1,103.6" fill="#c9a24a"/>
<polygon points="355.2,104.9 357.0,109.5 361.9,109.8 358.1,112.9 359.3,117.6 355.2,114.9 351.1,117.6 352.4,112.9 348.6,109.8 353.5,109.5" fill="#c9a24a"/>
<polygon points="381.4,114.7 383.2,119.3 388.1,119.5 384.3,122.6 385.5,127.4 381.4,124.7 377.3,127.4 378.6,122.6 374.8,119.5 379.7,119.3" fill="#c9a24a"/>
<polygon points="406.0,128.1 407.7,132.7 412.6,133.0 408.8,136.0 410.1,140.8 406.0,138.1 401.9,140.8 403.1,136.0 399.3,133.0 404.2,132.7" fill="#c9a24a"/>
<polygon points="428.4,144.9 430.1,149.4 435.0,149.7 431.2,152.8 432.5,157.5 428.4,154.9 424.2,157.5 425.5,152.8 421.7,149.7 426.6,149.4" fill="#c9a24a"/>
<polygon points="448.1,164.6 449.9,169.2 454.8,169.5 451.0,172.6 452.2,177.3 448.1,174.6 444.0,177.3 445.3,172.6 441.5,169.5 446.4,169.2" fill="#c9a24a"/>
<polygon points="464.9,187.0 466.6,191.6 471.5,191.9 467.7,195.0 469.0,199.7 464.9,197.0 460.8,199.7 462.0,195.0 458.2,191.9 463.1,191.6" fill="#c9a24a"/>
<polygon points="478.3,211.6 480.1,216.2 484.9,216.4 481.1,219.5 482.4,224.2 478.3,221.6 474.2,224.2 475.4,219.5 471.6,216.4 476.5,216.2" fill="#c9a24a"/>
<polygon points="488.1,237.8 489.8,242.4 494.7,242.6 490.9,245.7 492.2,250.4 488.1,247.8 483.9,250.4 485.2,245.7 481.4,242.6 486.3,242.4" fill="#c9a24a"/>
<polygon points="494.0,265.1 495.8,269.7 500.7,269.9 496.9,273.0 498.1,277.8 494.0,275.1 489.9,277.8 491.2,273.0 487.3,269.9 492.2,269.7" fill="#c9a24a"/>
<polygon points="496.0,293.0 497.8,297.6 502.7,297.8 498.9,300.9 500.1,305.7 496.0,303.0 491.9,305.7 493.1,300.9 489.3,297.8 494.2,297.6" fill="#c9a24a"/>
<polygon points="494.0,320.9 495.8,325.5 500.7,325.7 496.9,328.8 498.1,333.6 494.0,330.9 489.9,333.6 491.2,328.8 487.3,325.7 492.2,325.5" fill="#c9a24a"/>
<polygon points="488.1,348.2 489.8,352.8 494.7,353.1 490.9,356.1 492.2,360.9 488.1,358.2 483.9,360.9 485.2,356.1 481.4,353.1 486.3,352.8" fill="#c9a24a"/>
<polygon points="478.3,374.4 480.1,379.0 484.9,379.3 481.1,382.3 482.4,387.1 478.3,384.4 474.2,387.1 475.4,382.3 471.6,379.3 476.5,379.0" fill="#c9a24a"/>
<polygon points="464.9,399.0 466.6,403.5 471.5,403.8 467.7,406.9 469.0,411.6 464.9,409.0 460.8,411.6 462.0,406.9 458.2,403.8 463.1,403.5" fill="#c9a24a"/>
<polygon points="448.1,421.4 449.9,425.9 454.8,426.2 451.0,429.3 452.2,434.0 448.1,431.4 444.0,434.0 445.3,429.3 441.5,426.2 446.4,425.9" fill="#c9a24a"/>
<polygon points="428.4,441.1 430.1,445.7 435.0,446.0 431.2,449.1 432.5,453.8 428.4,451.1 424.2,453.8 425.5,449.1 421.7,446.0 426.6,445.7" fill="#c9a24a"/>
<polygon points="406.0,457.9 407.7,462.5 412.6,462.7 408.8,465.8 410.1,470.5 406.0,467.9 401.9,470.5 403.1,465.8 399.3,462.7 404.2,462.5" fill="#c9a24a"/>
<polygon points="381.4,471.3 383.2,475.9 388.1,476.1 384.3,479.2 385.5,484.0 381.4,481.3 377.3,484.0 378.6,479.2 374.8,476.1 379.7,475.9" fill="#c9a24a"/>
<polygon points="355.2,481.1 357.0,485.6 361.9,485.9 358.1,489.0 359.3,493.7 355.2,491.1 351.1,493.7 352.4,489.0 348.6,485.9 353.5,485.6" fill="#c9a24a"/>
<polygon points="327.9,487.0 329.7,491.6 334.6,491.8 330.7,494.9 332.0,499.7 327.9,497.0 323.8,499.7 325.0,494.9 321.2,491.8 326.1,491.6" fill="#c9a24a"/>
<polygon points="300.0,489.0 301.8,493.6 306.7,493.8 302.9,496.9 304.1,501.7 300.0,499.0 295.9,501.7 297.1,496.9 293.3,493.8 298.2,493.6" fill="#c9a24a"/>
<polygon points="272.1,487.0 273.9,491.6 278.8,491.8 275.0,494.9 276.2,499.7 272.1,497.0 268.0,499.7 269.3,494.9 265.4,491.8 270.3,491.6" fill="#c9a24a"/>
<polygon points="244.8,481.1 246.5,485.6 251.4,485.9 247.6,489.0 248.9,493.7 244.8,491.1 240.7,493.7 241.9,489.0 238.1,485.9 243.0,485.6" fill="#c9a24a"/>
<polygon points="218.6,471.3 220.3,475.9 225.2,476.1 221.4,479.2 222.7,484.0 218.6,481.3 214.5,484.0 215.7,479.2 211.9,476.1 216.8,475.9" fill="#c9a24a"/>
<polygon points="194.0,457.9 195.8,462.5 200.7,462.7 196.9,465.8 198.1,470.5 194.0,467.9 189.9,470.5 191.2,465.8 187.4,462.7 192.3,462.5" fill="#c9a24a"/>
<polygon points="171.6,441.1 173.4,445.7 178.3,446.0 174.5,449.1 175.8,453.8 171.6,451.1 167.5,453.8 168.8,449.1 165.0,446.0 169.9,445.7" fill="#c9a24a"/>
<polygon points="151.9,421.4 153.6,425.9 158.5,426.2 154.7,429.3 156.0,434.0 151.9,431.4 147.8,434.0 149.0,429.3 145.2,426.2 150.1,425.9" fill="#c9a24a"/>
<polygon points="135.1,399.0 136.9,403.5 141.8,403.8 138.0,406.9 139.2,411.6 135.1,409.0 131.0,411.6 132.3,406.9 128.5,403.8 133.4,403.5" fill="#c9a24a"/>
<polygon points="121.7,374.4 123.5,379.0 128.4,379.3 124.6,382.3 125.8,387.1 121.7,384.4 117.6,387.1 118.9,382.3 115.1,379.3 119.9,379.0" fill="#c9a24a"/>
<polygon points="111.9,348.2 113.7,352.8 118.6,353.1 114.8,356.1 116.1,360.9 111.9,358.2 107.8,360.9 109.1,356.1 105.3,353.1 110.2,352.8" fill="#c9a24a"/>
<polygon points="106.0,320.9 107.8,325.5 112.7,325.7 108.8,328.8 110.1,333.6 106.0,330.9 101.9,333.6 103.1,328.8 99.3,325.7 104.2,325.5" fill="#c9a24a"/>
<polygon points="104.0,293.0 105.8,297.6 110.7,297.8 106.9,300.9 108.1,305.7 104.0,303.0 99.9,305.7 101.1,300.9 97.3,297.8 102.2,297.6" fill="#c9a24a"/>
<polygon points="106.0,265.1 107.8,269.7 112.7,269.9 108.8,273.0 110.1,277.8 106.0,275.1 101.9,277.8 103.1,273.0 99.3,269.9 104.2,269.7" fill="#c9a24a"/>
<polygon points="111.9,237.8 113.7,242.4 118.6,242.6 114.8,245.7 116.1,250.4 111.9,247.8 107.8,250.4 109.1,245.7 105.3,242.6 110.2,242.4" fill="#c9a24a"/>
<polygon points="121.7,211.6 123.5,216.2 128.4,216.4 124.6,219.5 125.8,224.2 121.7,221.6 117.6,224.2 118.9,219.5 115.1,216.4 119.9,216.2" fill="#c9a24a"/>
<polygon points="135.1,187.0 136.9,191.6 141.8,191.9 138.0,195.0 139.2,199.7 135.1,197.0 131.0,199.7 132.3,195.0 128.5,191.9 133.4,191.6" fill="#c9a24a"/>
<polygon points="151.9,164.6 153.6,169.2 158.5,169.5 154.7,172.6 156.0,177.3 151.9,174.6 147.8,177.3 149.0,172.6 145.2,169.5 150.1,169.2" fill="#c9a24a"/>
<polygon points="171.6,144.9 173.4,149.4 178.3,149.7 174.5,152.8 175.8,157.5 171.6,154.9 167.5,157.5 168.8,152.8 165.0,149.7 169.9,149.4" fill="#c9a24a"/>
<polygon points="194.0,128.1 195.8,132.7 200.7,133.0 196.9,136.0 198.1,140.8 194.0,138.1 189.9,140.8 191.2,136.0 187.4,133.0 192.3,132.7" fill="#c9a24a"/>
<polygon points="218.6,114.7 220.3,119.3 225.2,119.5 221.4,122.6 222.7,127.4 218.6,124.7 214.5,127.4 215.7,122.6 211.9,119.5 216.8,119.3" fill="#c9a24a"/>
<polygon points="244.8,104.9 246.5,109.5 251.4,109.8 247.6,112.9 248.9,117.6 244.8,114.9 240.7,117.6 241.9,112.9 238.1,109.8 243.0,109.5" fill="#c9a24a"/>
<polygon points="272.1,99.0 273.9,103.6 278.8,103.8 275.0,106.9 276.2,111.7 272.1,109.0 268.0,111.7 269.3,106.9 265.4,103.8 270.3,103.6" fill="#c9a24a"/>
<<<SIDES>>>
<polygon points="51.6,337.8 55.3,347.7 65.8,348.2 57.5,354.8 60.4,364.9 51.6,359.1 42.7,364.9 45.6,354.8 37.3,348.2 47.8,347.7" fill="#c9a24a"/>
<polygon points="51.6,232.2 55.3,242.1 65.8,242.6 57.5,249.1 60.4,259.3 51.6,253.5 42.7,259.3 45.6,249.1 37.3,242.6 47.8,242.1" fill="#c9a24a"/>
<polygon points="548.4,232.2 552.2,242.1 562.7,242.6 554.4,249.1 557.3,259.3 548.4,253.5 539.6,259.3 542.5,249.1 534.2,242.6 544.7,242.1" fill="#c9a24a"/>
<polygon points="548.4,337.8 552.2,347.7 562.7,348.2 554.4,354.8 557.3,364.9 548.4,359.1 539.6,364.9 542.5,354.8 534.2,348.2 544.7,347.7" fill="#c9a24a"/>